# Base resolutions of the calibration matrix (for scaling)
base_res:
- 640
- 480
# Calibration matrix (intrinsic)
camera_matrix:
- - 693.38863768
  - 0.0
  - 339.53274061
- - 0.0
  - 690.71040995
  - 236.18033069
- - 0.0
  - 0.0
  - 1.0
# Camera lens's distortion coefficients
dist_coefs:
- - 0.21584076
  - -1.58033256
  - -0.00369491
  - 0.00366677
  - 2.94284061
# Base resolutions of the target matrix
# Do not specify if the target matrix is the same as the calibration matrix
target_res:
- 1024
- 768
# The target matrix used for classifier training (intrinsic)
# Do not specify if the target matrix is the same as the calibration matrix
target_matrix:
- - 464.4719696
  - 0.0
  - 517.5116402
- - 0.0
  - 462.89021301
  - 365.84214009
- - 0.0
  - 0.0
  - 1.0